11001011
10101010
01001011
01110100
01011001
11001011
00100001
11001011
10110000
00101100
10001110
11001011
00101000
00000111
00010010
01100100
10100010
11001011
01100010
01100000
10001111
11001011
01011001
11001011
01001010
01100011
11001011
01010100
11001011
01001011
11001011
00010110
01001000
11001011
01111100
11001011
10011000
01100010
11001011
10100001
00101111
01110111
11001011
01000011
11001011
10011000
01110001
00010001
11001010
01000011
00001100
00001110
10010011
11001011
00101110
11001011
01000010
11001011
01100110
11001011
11011110
11001011
10110101
10000010
11001011
01101111
01010100
10100111
11001011
01100101
10101101
11001011
11000111
11001011
11000001
01111101
11001011
10011100
00000001
11100111
01010110
11001011
00010111
00111100
01111101
11001011
10111110
11001011
01111111
01000001
11001011
11010110
10000011
11001011
00100101
11001011
10100100
11001011
01110111
01111100
11001011
10010011
01110010
00010001
10100111
00011001
11001011
11010100
11001011
10100001
01101001
01111111
11001011
00100100
11001011
10110101
11001011
01011110
01101100
01000100
01010101
01111011
01101000
01000000
01011010
01101000
11001011
10001101
11001011
00001001
01001011
11001011
01111000
11001011
10110000
01010001
00010110
00010010
11001011
01101110
11001011
00010011
10110111
11001011
01001010
11001011
00110101
01001001
11001011
00101010
11001011
10100011
11001011
11011100
11001011
10001101
10100111
11001011
11010011
01100110
11001011
11101101
01000101
11001011
00111011
01010010
10001100
11001011
10011011
11001011
10110100
11001011
10111101
11001011
00101011
10000110
11001011
10110111
11001011
10111101
10100001
00101100
10110100
11001011
00010011
01000010
01001001
10000110
11001011
10011101
11001011
00110100
11001011
01000011
11001011
10001001
01101010
00101110
00011001
01110001
11001011
01000110
10110111
01001110
11001011
00100011
00000111
00011111
10001110
11001011
00100111
11001011
11011101
01101011
11001011
00101110
10000101
00101111
01101111
11001011
01010001
10101010
11001011
10100101
01101010
11001011
00011011
11001011
01101010
00111101
11001011
11010001
11001011
00110011
00010100
10000100
01110011
11001011
10110010
01010001
11001011
10010110
11001011
01111011
01101111
11001011
10100101
11001011
01101000
11001011
11110111
01111010
00100101
11001011
11011101
11001011
11110001
01101001
01111010
11001011
10010001
10100000
10110000
11001011
11101100
01101100
00000111
11001011
01001101
11001011
00110011
11001011
10010100
11001011
10111111
11001011
00011001
11001011
00101000
01101100
11001011
10101101
10110000
11001011
01111110
11001011
01001110
01100001
01110100
11001011
10000100
00000001
01010011
01010101
10100010
00010111
11001011
11111010
11001011
01110001
11001011
11111111
10000010
10000100
11001011
00101011
01010111
00010100
11001011
11000111
01011111
10000000
11001011
01111000
10110101
11001011
01001011
11001011
11110110
00111100
01010100
00010110
00100111
10100110
10110010
10100100
11001011
00000110
11001011
01101011
11001011
10110011
11001011
00101111
11001011
10100101
11001011
01100011
01100000
10100100
10001011
01110100
11000110
01111011
11001011
11001000
11001011
00010101
11001011
00110111
11001011
01111110
11001011
00011011
11001011
01011001
01001011
11001011
10011001
11001011
01001011
11001011
10001100
00000010
11001011
00000110
11001011
11111000
11001011
11100111
11001011
00101001
11001011
00101001
01101001
00001100
11001011
11001000
00100110
11111100
10000111
00000100
01010010
11001011
01010000
11001011
10011101
11001011
00101011
00010101
11001011
01110110
11001011
11111011
11001011
00111100
11001011
01110001
11001011
00011110
11001011
00101000
00111101
00000000
11001011
11000000
10100010
11001011
11011000
11001011
01111011
01101100
10000001
11001011
10011101
01110001
01011001
00000100
01011000
00011100
11001011
00010011
11000110
10000001
11001011
10001011
01001000
11001011
01101101
01101100
11001011
01011011
11001011
11111111
11001011
10000101
10001010
00001101
11001011
00000000
11001011
11011111
01010110
11001011
00010101
11001011
10111110
11001011
01110101
00010101
01011011
11001011
01000101
00100110
01000101
00011110
00110000
11001011
01010000
00111100
01100111
10101010
11001011
10000000
11001011
01101110
11001011
11100000
11001011
01010110
01111111
10000110
11001011
00001000
11001011
11000000
01010010
11001011
11110010
11001011
01010110
11001011
01110110
01000111
01001011
00011010
00000111
00001110
11011011
01011011
10001111
00111110
00100001
01001001
00001110
11010111
11001011
01010111
00101101
11001011
10101010
10001111
01100110
10001010
10100001
01111010
11001011
01011110
11001011
00000110
01101111
11001011
11001100
11001011
01001001
11001011
00000001
11001011
11011110
11001011
10001001
11001011
01101001
11001011
11110010
11001011
00100001
00110111
10100100
00011111
01101001
10100011
10110111
11001011
01111110
11001011
10000011
01001110
00001101
10101100
00000111
11001011
10101001
11001011
11110000
11001011
00010011
10001010
11001011
10101001
11001011
01101011
00010110
11000000
01011011
11001011
10011100
01100001
00001101
11001011
11100001
11001011
10001000
11001011
10100100
00011101
11001011
10111100
11001011
00011100
00000101
10000011
11001011
10101011
00001110
11110000
11001011
11010001
11001011
00111110
11001011
10100110
00111101
11001011
00101000
01001110
00010001
00110111
10110111
11001011
11011111
11001011
11010110
11001011
11101010
10100011
11001011
11111001
11001011
00110100
11001011
00000011
01111100
10110010
00010110
00101011
11001011
11001010
11001011
10100111
11101110
10001100
01101000
10100101
11001011
01010100
11001011
00111001
10100000
01000000
01010111
11001011
01100100
11001011
00100110
11001011
11110100
11001011
10101001
11001011
01101111
11000110
11101010
00011101
01101110
00001101
11001011
11110101
01100110
00111100
11001011
01110100
10110000
10100000
11001011
11000001
11001011
01010100
01111001
11001011
10001011
11001011
11000011
10110101
00001111
11001011
01100100
00000100
11001011
01011100
11001011
11011010
11001011
11100111
00010100
11001011
10110100
11001011
11101100
11001011
01000101
11001011
00011111
11001011
00001111
01100010
01011001
11001011
00001000
11001011
00010110
10100011
11001011
00001001
11001011
10001111
11001011
10001000
10001110
10110101
11001011
11111001
11001011
00011010
01100011
11001011
10011011
00100001
11110111
01001101
00011111
11001011
01000110
11001011
11000011
01100101
11001011
01101010
10001101
11001011
01100111
00010010
11001011
11100110
00100101
01110101
11001011
00010110
11001011
10111111
11001011
00100100
00011110
01100110
00101100
01100001
11001011
11001100
11001011
11011010
01100001
11001011
01101111
11001011
10110010
11001011
10000000
11001011
00100010
10100101
11001011
11001010
11001011
11011100
01101100
11001011
11100111
11001011
10111111
01011001
11001011
00010001
11001011
11101101
11001011
01011110
11001011
01010101
11001011
01010100
11001011
01000001
00000000
11001011
00010010
11001011
10000011
11001011
01101110
00000101
01000110
00001101
10001101
10000101
00000001
01001110
00110010
01100010
01010001
11001011
01110001
11001011
01000111
10110110
01010100
01101011
11001011
10011100
01001100
11001011
10100100
10001010
11001011
01110110
01010011
11001011
01001001
11001011
01000101
00011101
11001011
00101010
11001011
00010011
11001011
11000011
00101101
01100010
11001011
11100110
11001011
01110110
10110011
01010000
01010000
11001011
10110000
11001011
01111111
00000101
10110100
10000111
11001011
01111110
01000010
11001011
11100000
11001011
01100000
01111101
00001111
01101011
00000010
11001011
00100011
01000011
11001011
00010011
11000110
01111001
11001011
11010100
11001011
11111011
10101111
11001011
00100000
11001011
11100101
01100010
11001011
01000111
01101000
01111111
10001110
10110010
10110100
11001011
11011111
01110011
01110111
01011011
11001011
00010000
00111100
11001011
11000000
01000100
10110100
01101111
11001011
11111101
00010101
11001011
11111110
10100101
11001011
00101100
11001011
00110100
00100110
10101111
11001011
01110100
11001011
00010110
01100110
01001110
01011111
11001011
11011111
00011100
00011111
11001011
00111000
11001011
00011010
11001011
11110110
01010001
11001011
10101011
01111001
11001011
00010010
11001011
10111001
10001110
01111000
11001011
11001100
11001011
10101111
11001011
00100101
01000100
11001011
01111100
11001011
01010001
00100001
11111110
00101111
10100000
11001011
11101010
01110010
01101100
11001011
00011111
00010100
10000100
01110101
11001011
11100011
10100101
11001011
01110100
11001011
00010100
01101101
10000000
10100100
11001011
10001001
00001110
11101111
11001011
10001010
11001011
01101110
10100101
11001011
00110100
11001011
01110000
00000110
11110110
01110101
11001011
10111011
01001100
11001011
01111010
10001001
00101111
11001011
00000010
11001011
10001100
11001011
00101000
11001011
01111100
11001011
01111010
01100111
11001011
10010001
11001011
11001011
10100000
11001011
00001001
11001011
00101001
01011100
11001011
10110011
11001011
10111111
01111010
00101100
00111110
11001110
11001011
01100110
11001011
11101000
01110100
01000111
11001011
00011001
11001011
01101101
10000001
11001011
11000011
11001011
11011110
11001011
10001011
11001011
01100001
01011000
01111010
00000001
00000110
11100111
01111011
00100100
00000110
01111011
01100000
10101010
11001011
10010001
11001011
00101111
11001011
01100110
01111111
11001011
01000010
10101110
00001101
10101100
10000001
11001011
10011111
00100110
00001000
10000000
01011010
10000011
01101010
01001101
11001011
00101000
10101001
10100011
11001011
00100000
01001101
11001011
00010010
11001011
10001111
11001011
10001110
01010011
11001011
11110100
01111010
11001011
10110000
00000111
11001011
11110000
11001011
11111100
00001100
01011100
01011110
01100100
11001011
10001100
01101110
11001011
00110110
11001011
01110001
00100101
10000001
11001011
10010100
10001110
11001011
00000011
11001011
10001001
01000001
01111101
11001011
10010110
11001011
00100100
01011011
11001011
11001101
11001011
00110100
00101111
10101110
11001011
10110011
01000101
01011110
01110010
01111101
01110100
01010101
00110111
11001011
10011100
01100000
11001011
10101111
01011110
11001011
11100101
01001000
11001011
01111010
10001000
01001011
11001011
11011111
11001011
01110001
11001011
01101110
11001011
01100110
01011011
11001011
01101101
01111100
11001011
01100100
01011110
01000010
01000010
10001101
01011101
11001011
11010100
11001011
11010110
01011100
01110010
11001011
01000001
00001100
01001000
01010110
11001011
01011110
01110101
01000011
11001011
00000000
01110111
00001100
00000101
11001011
01010011
00011111
11001011
10001110
00101110
01001010
01001100
01101110
01010001
11001011
00110011
11001011
01101110
10001101
10001011
10101101
10000000
11001011
01001001
11001011
00111111
01110111
10100100
01000001
11001011
01001100
11001011
00000111
01011101
11001011
11000110
01010000
00000001
10100100
10111100
11001011
10000001
01001000
11001011
10000001
00111110
10111010
11001011
01101100
11001011
00111011
01001000
11001011
10001110
11001011
00010000
11001011
00001010
01010100
10000100
11001011
10101011
11001011
11111101
00000110
11001100
11001011
01111000
00001111
01011001
00010001
11001000
01010000
01100000
10001000
10000101
11001011
10001110
01000000
11001011
11111001
10110010
11101110
01011001
01101010
11001011
10000011
01110011
01011111
11001011
11000001
01111000
00000100
11001011
01101101
11001011
11001010
11001011
00100110
11001011
11101101
11001011
10101000
00011111
11001011
10111100
01011111
00111100
11001011
11001001
01000110
00101111
11001011
11111101
11001011
00100110
11001011
11100101
11001011
00101001
10100000
11001011
00101001
11001011
00100001
10100010
11001011
10111101
11001011
01001110
00010110
00010011
00111100
11001011
00111001
01001110
11001011
00111011
11001011
01001000
01011010
11001011
01101011
10101001
00001010
10001000
11001011
10011101
10110010
11001011
00000011
01001011
11001011
10100101
01111100
11001011
01110010
10000100
11001011
00000100
11001011
11010110
00001010
01011100
00111100
00010101
11001011
10100111
11001011
00011001
01010110
01101001
11001011
10010100
11001011
01101010
11001011
00101111
11001011
10001000
00001111
00100110
01000100
11001110
01101010
11001011
11010101
11100110
10111101
10101001
11001011
01010111
11001011
00010010
10000001
11001011
00011100
00100100
11001011
00010110
01101101
11001011
00101111
10110111
00111111
11001011
00001011
11001011
00100001
11001011
00111000
11001011
11110000
11001011
00001111
11001011
00111010
11001011
00010100
10001001
10110000
10000011
11001011
11010100
00010101
10101101
01001101
00111111
00101110
00111100
11001011
00101100
11001011
00010101
01110100
11001011
10000010
11001011
01100000
11001011
01111010
11001011
11011010
11001011
01011111
10110101
10101010
10110100
11001011
11000001
11001011
01100110
01100011
11001011
00010110
11001011
00100010
11001011
00001100
11001011
10110110
11101110
10010000
00010010
10000001
11001011
01011000
00010100
10110101
11100110
01011101
11001011
01100011
01111100
01010011
11001011
10010100
11001011
01001011
11001011
10000001
00011111
11001011
00101111
11001011
00000100
01111001
01011001
11001011
00011011
11001011
01100010
11001011
11011011
11001011
11110011
11001011
00110100
11001011
00000101
11001011
01011101
01010000
11100110
01111101
11001011
10100011
01000010
11001011
00001101
00111101
01010100
11001011
01010010
00101100
11001011
01000011
11001011
00000010
11001011
10100000
11001011
10001100
10101111
11001011
11111011
11001011
01011000
00000000
01101000
10000000
01101110
10000101
11001011
01101001
11001011
01001010
11001011
00010111
11001011
01100101
10000010
11001011
00100010
10001011
10100101
11001011
00110101
10110100
11001011
11010100
11001011
11010010
11101110
00111110
11001011
10101011
10000010
00010001
01010000
10101000
11001011
00001010
11001011
00100000
11001011
11111100
01111001
10000010
10000011
00100101
00100110
11110100
10110000
11001011
00001000
01000101
00001101
11001011
10010011
11001011
10011001
01000100
11001011
01010011
11001011
10001001
11001011
11000010
00011111
11001011
01011001
10000010
01011101
10000100
10001001
11001011
10100010
00001101
01011110
11001011
11001101
11001011
11100110
01111101
01000111
00101111
01000111
01011110
11001011
11110001
11001011
00111100
10101110
00001101
01001110
01000011
11001011
01100111
11001011
11111100
11001011
11011010
11001011
01011110
11001011
11110111
11001011
00001100
00011100
11001011
00111001
01111110
01010100
10110001
10001011
00000010
11001011
10011000
11001011
00001100
10101110
01111100
11001011
00110010
10100100
11001011
10110111
01000110
11001011
11000100
10110101
11001011
11011100
11001011
10000111
10100101
11001011
11101110
00101100
11001011
00011001
11001011
01000101
11001011
00111110
01101110
11001011
01110110
01110111
11001011
10110000
11001011
00110011
11001011
01001000
10100001
01010101
10100110
11110110
10110011
11001011
00110101
01011011
01001110
10001111
00000110
01010010
01001001
11001011
10000010
11001011
10001001
01100111
11001011
01010011
00001100
11001011
11100010
11001011
11000110
11001011
10000000
10001000
01110010
01100001
01010010
01000110
01111011
11001011
10110101
01100000
11001011
00110111
00111110
10001001
10101010
11001011
11110011
01011001
10100011
11001011
11110010
11001011
00000001
11001011
00001000
11001011
01001011
11001011
01011101
00100110
00011001
10100001
11001011
01010011
01000111
11001011
00101000
11001011
00010111
01001001
01011100
10000101
11001011
10000110
01110111
11001011
00010000
11001011
00010001
01001110
01100000
00001111
10100010
11001011
11000101
00100101
11001011
11110001
11001011
00011011
11001011
01010010
00101101
11001011
00010110
11001011
10101010
11001011
00111000
00101101
11001011
11111011
00100001
11001000
10100111
11001011
11110111
01011110
01110010
11001011
10111010
01000101
11001011
11101001
11001011
00011011
11001011
11101000
01101110
11001011
10101111
00010010
10110001
00000010
00010110
11010100
01100110
11001011
11100010
11001011
10100001
11001011
10111001
10100101
10000011
01000110
11001011
11010011
01011001
11001011
01101000
11001011
10001101
11001011
10100011
11001011
10010111
11001011
01111100
11001011
01010000
11001011
11010111
11001011
11011111
11001011
11011000
01101001
00101100
11001011
10101010
00110111
00000100
01011110
01010011
01110000
01101110
11001011
11001000
11001011
01000011
11001011
10100001
01000101
10000111
11001011
01111100
01110011
11001011
01010100
00010100
00001010
01011111
11001011
01001001
11001011
10111001
11001011
11101000
11001011
11001101
11001011
01101010
11001011
00100011
01011101
10001000
11001011
01011110
11001011
00001100
11001011
00000110
00111111
01000101
00000110
11101010
01000010
00010101
11001011
00101100
11001011
10111001
11001011
10010101
00001111
00011010
11001011
01101100
11001011
11010100
11001011
11101011
11001011
10000010
11001011
01001100
11001011
10010000
11001011
01110100
01100001
11001011
11001111
11001011
01001111
11001011
00111011
11001011
10101011
11001011
10000111
01011011
11001011
11011001
11001011
10011010
11001011
00011111
00101101
01000001
11001011
00111110
00000001
10111011
10011101
11001011
00101001
10110001
10000101
11001011
00110010
11001011
11110111
11001011
10100000
00011110
01011100
00011101
11001011
11001001
11001011
00100100
11001011
01111001
01001011
00111100
11001011
01011101
10100111
11001011
11000000
11001011
10010101
10101111
11001011
01000001
11001011
00011000
01001110
01001110
01010011
01100001
00101110
11000001
11001011
10100101
11001011
10001010
01001011
00001110
01100101
10001011
01111011
10000000
01100010
00100110
01110111
11001011
10000100
01111111
11001011
10011011
01101000
10101111
01010111
11001011
01100111
01011001
11001011
00101101
11001011
01111010
11001011
00110100
10100000
11001011
01001100
10001010
11001011
11110001
11001011
11111011
01000010
11001011
10000110
11001011
01001001
10001010
11001011
10100010
00100001
11000101
10111101
01010110
01010001
10100000
01110011
11001011
00001000
11001011
10010011
11001011
11101000
11001011
01100101
11001011
00001010
11001011
11111000
11001011
10010101
01111100
11001011
11001100
01111100
01101110
00101111
00001100
11001011
01000011
10000101
11001011
11110001
01110001
11001011
01010110
00010010
11001011
11011011
01001010
11001011
00011101
11001011
00011100
11001011
10000100
11001011
11001100
11001011
01010010
01111101
11001011
10100010
11001011
01001001
10100111
01010011
10000111
00001111
11001011
11001001
11001011
00111100
01110100
00011101
11001011
10110110
01111100
11001011
10111111
11001011
11011111
11001011
01001001
11001011
01100011
01100110
11001011
01000001
10100011
11001011
01010110
10000011
10001001
00100100
00111110
11011000
00001101
01111100
01001010
11001011
00100111
11001011
01100100
01110001
11001011
00010101
01101000
01110000
11001011
00111110
01100010
11001011
00001100
11001011
11010111
10110110
01001001
10101000
11001011
00001110
11001011
11101000
11001011
00001000
01101101
11001011
01100101
11001011
11001000
11001011
11010110
00000100
11001011
11011111
11001011
00011011
01111110
10110101
10110000
11001011
01010101
11001011
11110011
11001011
10110011
01000000
11001011
01101100
11001011
10010001
11001011
10010100
01000100
01100111
01101110
11001011
01101011
10101110
11001011
10111111
11001011
00001010
00000001
10010011
00111100
01000111
10000110
00001111
11001011
10000100
11001011
00011110
01010111
11001011
01001100
10001110
11001011
01011000
11001011
00011110
11001011
00111101
11001011
11101110
00000110
10000110
11001011
11010110
10001100
11001011
01110100
11001011
11011001
11001011
00110101
10100010
01000111
11001011
10110010
01100101
11001011
00011011
00100100
00101110
01011001
11000110
00001001
11001011
00010111
11001011
10001101
01110010
10001001
01110010
10001110
11001011
11001011
10001010
01101010
11001011
10111000
00101100
11001011
11100000
11001011
01000111
10100100
00100001
00111010
10100001
00001111
11001011
10111100
01101110
11001011
10111111
11001011
10001000
01010110
11001011
00011001
11001011
01110110
01011001
01101001
11001011
11100101
11001011
11110000
11001011
00000101
10001000
10001100
11001011
01100101
00101101
10001110
01100110
11001011
11110000
11001011
11101110
11001011
01010111
11100110
11011111
01111111
11001011
00011101
11001011
11110100
01111000
11001011
00000110
10101100
01101010
10100111
01011011
11100110
11011100
11101110
10110011
11001011
11010110
10001111
11001011
01100110
10000101
11001011
00110111
11101110
10010010
11001011
10111110
00011010
01001111
01010001
01100001
00111101
11001011
01001001
11001011
01110100
01000100
00001100
10001111
11001011
10011011
01011010
11001011
10010000
01111101
11001011
01100000
00000101
00011111
11001011
01010000
10100011
10100011
11001011
01111100
11001011
10111110
11001011
11100011
11001011
11000000
00100100
01011010
00111101
00011111
11001011
01011111
10101011
11001011
01010110
11001011
11100010
11001011
01111001
00001100
10001001
01000110
11001011
10000001
01001110
01111111
11001011
01100000
10000100
11001011
10110000
10101101
00001101
11001011
00101100
01010111
11001110
00100001
01000000
10100000
10001010
11001011
11110101
11001011
10110110
01011010
01010101
10000101
11001011
11101010
11001011
10011011
11001011
00010000
10101010
00000010
10001101
10001101
01101110
11001011
01101001
10001001
01010000
10101100
11001011
11111011
11001011
11001110
01010100
11001011
11111001
11001011
11100000
11001011
11000111
11001011
10001001
01100110
10101100
11001011
00101001
11001011
10101010
11001011
11010001
10110010
01110100
11001011
01010000
01001011
11001011
01001110
01111101
01100001
11001011
10011110
11001011
01110110
10001000
10000000
10100011
01001001
01110101
11001011
11111011
00000100
01110001
11001011
11110100
11001011
10110000
11001011
00000000
01110001
11001011
11111001
11001011
00000110
11001011
10001110
11001011
10001111
11001011
00101100
01000000
11001011
01000000
11001011
00111011
10000000
00011010
00110111
11001011
00000001
01101000
01001001
10100110
11001011
01000000
01111000
11001011
01101111
11001011
10110011
11001011
00100010
11001011
10011110
01111011
11001011
01000110
10001101
11001011
01000011
11001011
11111011
11001011
10100001
11001011
11010011
11001011
10000111
11001011
00100111
00111101
11001011
11110000
00010010
11001011
10111011
01111000
01100101
01100101
11001011
00111111
01011111
11001011
01010010
11001011
01100011
01001010
01100010
00011101
11001011
11101000
11001011
00011101
00000010
11001011
10000001
11001011
00101111
11001011
00100100
11001011
00000011
11001011
01001100
11001011
01100100
10110010
01101001
11001011
01101000
11001011
00101100
11001011
00001001
10100010
10100001
11001011
00000010
11001011
01011000
00001110
11101010
11001011
00010111
11001011
01010100
11001011
00111001
11001011
00100011
11001011
11011011
11001011
01001110
11101110
11100101
00000010
01100001
11001011
01101101
11001011
10001100
01000011
11001011
10101100
11001011
11110001
11110110
11000100
11001011
10010111
01010010
00000110
10011111
00001111
11001011
10000010
01001010
00101111
11001011
00010011
11001011
11011011
01111111
01110001
11001011
11101000
11001011
00100101
11001011
00100110
11001011
11001110
10000101
11001011
11000111
01110001
01110101
11001011
01110011
01000001
11001011
10100000
10100101
11001011
01010111
11001011
11010111
11001011
11111110
11001011
00110011
11001011
00000100
01000011
11001011
11101100
11001011
01110110
00000110
11011011
11001011
00111000
11001011
00110111
11001011
01100000
01110000
11001011
01110110
11001011
11100110
11001011
01110001
11001011
11100000
11001011
11111111
10001110
01100001
01011000
10100011
11001011
01000110
11001011
01110010
10000001
11001011
01110000
11001011
10010100
00011100
00000111
01101011
01110010
11001011
10001100
11001011
11111000
00011110
11010101
11110110
10101100
11001011
10111110
10101010
11001011
11101001
11001011
10011101
11001011
10110011
00111110
11001011
11001011
11101000
11001011
01000110
11001011
01101101
11001011
11101000
01011110
11001011
01100010
11001011
10011100
11001011
01011111
01111010
01100011
01010010
10101111
11001011
10001110
11001011
00010110
01100000
11001011
01010100
11001011
11001101
01101000
01010010
11001011
01100111
11001011
11111101
10001101
11001011
01101101
11001011
11010011
11001011
00011011
01101101
11001011
10001010
11001011
00000100
11001011
11101110
00001110
11001101
11001011
00001000
11001011
00010111
01110111
11001011
01001011
11001011
11110101
01100000
11001011
01110101
01101010
01110011
11001011
01100000
11001011
01110111
11001011
11010001
11001011
11011011
11001011
01110101
10001110
11001011
10100010
11001011
10001000
11001011
00100100
11001011
01101010
10000100
00111110
10010100
00111110
01110001
11001011
11000011
01001000
01101100
01011000
01101010
00011010
11001011
10011110
11001011
10111100
00000000
01010000
01010111
11001011
11001011
11001011
11111001
01100010
10001001
10001001
00000000
00001101
10100101
01111011
10101001
01110100
11001011
11110000
11001011
00100101
00111101
10101110
00100101
01000100
01111110
11001011
10111111
11001011
01001110
11001011
11000011
01010010
11001011
11110111
11001011
11011010
00010101
00101101
01100010
10110111
11001011
10110101
11001011
10110001
11001011
10111000
10100110
01111011
00010101
00001110
01100010
11001011
00100001
01010110
11001011
00001100
11001011
11111110
01110101
11001011
00111111
11001011
10111111
11001011
00011111
11001011
01010110
00001111
10110111
11001011
00011011
10101011
01001110
10000111
11001011
10010111
11001011
00111100
01000010
11001011
01101011
10100010
11001011
11010111
00000000
11001011
00111100
01001101
01010001
01001010
01010000
00000000
11001011
10000000
10100011
00011100
00111111
01101010
01011100
01001001
11001011
11010000
11001011
00111111
11100110
01111000
00010111
01110001
11000110
10001011
01010011
10000011
11001011
00011010
11001011
00111111
01110011
00101100
11001011
01111010
10101110
00000111
10001110
01100000
10110000
11001011
01101101
11001011
01010100
11001011
01111111
10000110
11001011
00000111
11001011
01000001
00101100
01111011
11001011
01011010
11001011
11101101
01010000
01101011
01000101
11001011
00111111
10110100
11001011
01101111
01000110
01111000
11001011
00011010
11001011
10011001
11001011
01011010
00010001
00001100
11111101
00010010
11001011
10011101
11001011
11011010
00010001
01010110
11110010
00111101
11001011
00100000
01111101
11001011
11001111
00010111
11001011
01001110
11001011
11011110
11001011
10101101
10101000
10000011
11001011
10010000
01101101
11001011
00010100
11001011
00100110
10110011
00100101
01111001
11001011
11011111
10100111
00001111
11001011
11011110
11001011
01011111
01111100
01010001
01011000
10101110
00101101
11001011
11100101
11001011
11010011
10101001
11001011
01111011
11001011
01110010
11001011
01000000
11001011
10001100
01000000
11001011
00000000
11001011
10010101
11001011
00010000
10110010
11001011
10010111
01101001
11001011
10110011
11001011
00010011
11101110
01011101
11001011
01000001
01111010
10001000
11001011
01001111
11001011
00100110
00011010
11001011
00100100
11001011
10010001
01010111
11001011
01011100
11001011
11101001
10100011
11001011
11010111
11001011
11010000
01100000
11001011
10010110
00010010
11001011
01111110
01101111
11001011
10100011
00010101
11001011
01000101
11001011
10000001
00010010
00000000
01010111
11001011
10100011
11001011
01011010
11001011
00100110
11001011
00111001
01101000
01100001
11001011
11001000
01111110
01011010
11001011
10001101
10000000
11001011
10000100
10000010
11001011
10010001
11001011
01100111
11001011
10101010
00011111
01110101
11001011
01011110
11001011
01101010
11001011
11100010
00011101
11001011
01000110
01101000
01000001
11001011
10001010
11001011
10010011
11001011
01111101
11001011
11111111
10100110
11001011
01011110
10001010
11001011
10010110
00000010
11001011
00000110
01010110
11001011
01000110
01011110
11001011
01000001
01110011
11001011
10110000
10110011
11001011
10101001
00001111
01100011
00011111
00111110
11010001
11001011
10010111
10100001
11001011
01101110
11001011
11111001
10000011
01011000
11001011
11001100
11001011
10100101
11001011
11010100
11001011
01010011
01100011
11001011
10011011
01101111
00010000