10000110
11001011
11001000
11001011
01010010
10000101
01100110
11001011
00110101
11001011
10011001
11001011
01011011
10000000
00011100
11001011
11001101
01010101
10101001
00101101
11001011
01010011
11001011
11111101
11001011
10000101
11001011
10111001
01011011
11001011
11010110
01111001
10110001
11001011
10000101
01011000
10100111
11001011
01100111
00010100
01001000
10100100
11001011
11110100
11001011
00101111
11001011
11011010
00001101
11001011
00110111
00101110
01000000
11001011
11001000
10110101
11001011
11011100
11001110
00100110
11001011
10111110
01100100
11001011
01000001
01000011
00010101
10101101
11001011
00011000
10110011
11001011
10100111
11001011
01100010
10100000
00000110
10100010
11001011
10011000
01011011
10101111
01110011
01011110
11001011
01011001
11001011
00000101
01001000
11001011
10110110
00111100
11001011
10110101
01011011
01010011
01000111
11001011
01000001
11001011
11100101
11001011
11001101
10000010
01101100
11001011
01101101
01011110
11001011
00101111
01110111
11001011
01111101
11001011
00111011
01111111
01011010
11001011
01110011
11001011
00000110
11001011
10111100
10101011
00100001
00101100
00100011
00000111
11001011
10100100
00101111
00000010
11001011
01101010
00101111
11001011
00010011
01010110
11001011
10100101
11001011
11000011
00100100
01101001
11001011
11100010
10101101
11001011
11011000
11001011
10010111
01111000
11001011
11110000
10000100
00010110
11100111
11001011
01101001
10001111
00100001
10010011
01000010
11001011
00101110
00000110
10110110
11001011
11000010
01011010
11001011
01001110
10100001
00000101
10101001
11001011
11001101
00100100
11001011
00101010
10100101
11001011
00000001
11001011
00000010
11001011
01101010
01000000
11001011
10011111
11001011
00100011
10100110
11100110
11001111
11001011
00010011
11001011
00111111
00011101
10001001
11001011
01000000
10100111
11001011
00010011
01100010
01110100
01110011
11001011
01011110
11001011
10000001
10100110
10000111
11001011
10100011
11001011
01010001
11001011
01100011
11001011
10101110
10001100
01101001
01011011
00011100
00000101
11001011
11111000
11001011
00100110
11001011
01010000
11001011
11010011
01110101
11001011
01100010
10101001
00000010
01011011
01011011
10100100
11001011
11111110
11001011
00111110
11001011
01001000
01110111
01011000
01001100
11001011
10001100
11001011
10101110
10001110
11001011
10100100
11001011
10000100
11001110
11111001
01101111
10101000
01000111
11001011
11000100
10000101
01000000
00101110
11101111
00011010
00100100
01100101
10110110
11001011
11000000
01110010
01110101
01100100
10101101
01001110
01010010
10000110
10000101
10000010
11001011
10100111
01110111
00101100
11001011
10011001
01001101
01000101
11001011
00010011
11001011
00111101
11001011
11011100
10000010
01110011
11001011
11011001
11001011
00100101
00111111
00100001
10011110
11001110
01111011
11001011
10110101
11001011
11100011
11001011
01110011
11001011
01100111
11001011
10001010
10101000
01101110
00011010
11001011
01101101
11001011
11010110
11001011
10111111
10110010
11001011
11000101
11001011
00000011
00111111
01111100
11001011
11001001
11001011
00111111
01001110
11001011
00010100
11001011
10100111
10101010
00111110
10101101
00011110
01101001
11001011
10100111
01011011
10110110
01011110
00000000
10001110
00010110
10110101
01100110
01011101
11001011
01010110
11001011
11110011
01110000
01001100
11001011
01101010
11001011
10101100
01111010
01000111
11001011
11110010
11001011
01000111
11001011
10001110
01110111
01010110
11001011
00110110
11001011
01110010
00000110
01101111
11001011
01110100
01010001
00000001
10010111
00101101
11001011
01110100
11001011
10011000
01110111
01111000
11001011
10101011
11001011
10110101
11001011
01110000
10001111
11001110
00100011
11001011
11011000
00010100
01111001
11001011
10000000
01111100
11001011
01101110
11001011
00001101
11001011
01001011
11001011
01111010
00101101
01010101
11001011
00110110
00111101
00011100
11001011
10100110
01101000
01101001
00100100
11001011
11110110
11001011
10010001
01101111
11001011
11011110
11001011
01001101
11001011
01100111
10101101
11001011
01111101
11001011
10010000
11001011
01101101
01000011
00111101
11001011
01111101
11001011
01100010
01111110
11001011
10100110
11001011
10111111
11001011
01011110
10101011
11001011
01000010
11001011
10011010
11001011
11100011
10110001
11001011
10111110
01001110
11001011
01101111
11001011
01010010
00010110
10001010
11001011
01001111
01000011
01000110
11001011
01011100
11001011
10110100
00011111
11001011
01100101
11001011
11011100
00100110
00001000
10110111
11001011
00111110
11001011
00000111
11001011
01011001
11001011
10101110
10110001
11001011
11111000
01011010
11001011
01101100
01101011
11001011
10001010
00000100
01110111
01111000
11001011
10011011
11001011
00101011
11001011
11101111
01100010
11001011
10000111
11100110
10100011
00010101
11001011
10010101
11001011
10000011
01100001
11001011
00011110
11001011
11010101
11001011
01110011
01010000
11001011
00101100
11001011
00001101
11001011
01101011
01010100
11001011
00010110
01101001
01101010
11001011
11000011
11001011
10101000
11001011
10011111
11001011
10111111
01010010
10110000
00010001
00110000
11110010
10000111
10100111
01110011
01100001
11001011
00000111
11001011
00101011
11001110
01011010
10100000
11001011
01110010
11001011
00000110
11001011
00010111
11001011
00010011
11001011
10001100
11001011
10111010
11001011
10100001
11001011
11100110
11001011
00101101
11001011
01000001
11001011
11011010
01010011
10110100
01110111
00010010
01001111
11001011
01100110
11001011
01000110
10110001
11001011
01110111
11001011
01110001
10001110
11001011
10010011
11001011
11100011
11001011
00100001
11001011
10110100
10001100
11001011
10001111
01001111
01111001
11001011
00010101
11001011
01001110
11001011
01001111
11001011
11000011
11001011
00001000
11001110
00011001
00011101
01100101
01101110
00011110
11010000
01011111
10100010
11000110
10111101
11001011
10000110
10100011
00001101
11001011
00010101
01010010
11001011
11001100
11001011
11000001
11001011
10010010
11001011
11010010
11001011
10001110
11001011
00000101
11001011
00000110
01000011
11001011
11111010
00111100
11001011
01010011
00001110
10011100
01100011
10100010
01111111
01010110
11001011
01100001
11001011
10101100
11001110
00111101
11001011
11001110
11001011
11110000
11001011
00100011
10000000
11001011
00110001
01101101
10101110
10000110
10000011
11001011
11010101
00000001
10110111
01100110
11001011
01010101
11001011
10000111
00100110
11001001
11001011
10011101
11001011
11110000
01101111
01011111
01111110
01101111
10001000
11001011
10100010
11001011
01010110
01101011
01010101
11001011
01101100
11001011
01011010
11001011
00110011
11001011
00110000
11001011
00010111
00101111
01101000
00111111
11001011
00001101
10101010
10101111
11001011
10011011
11001011
11101011
11001011
11001000
11001011
11010100
01110000
01011001
11001011
10100000
10100001
01101101
00101101
11001011
11011110
00111111
11001011
10111100
01011100
10001111
01110010
11001011
10000010
11001011
01011010
10110000
10100101
11001011
10101100
00001100
10000001
01010011
01010111
11001011
01001111
11001011
10001010
01100100
01000111
11001011
00101110
11001011
11010101
11001011
10011000
11001011
10010110
00011111
10101000
10001000
10001000
11001011
01011001
11001011
11001001
00011101
01100011
11001011
01011100
01000100
10101110
00011110
10011111
11001011
00011101
01100100
01110001
00010110
11110111
11001011
00001011
11001011
11010000
11001011
11000001
01001100
10110010
01001111
01000101
10000111
00001101
10000010
01001010
11001011
01011001
01111010
11001011
00110010
10101100
10100011
01001010
11001011
00011001
11001011
00100000
00011010
11001011
00100111
01101111
11001011
00011000
11001011
00011110
00001100
11001011
00001010
11001011
01001000
00111100
01001000
10110100
11001011
01110000
11001011
10000111
01110100
11001011
10011111
11001011
10101101
11001011
11101000
10101000
10000101
11001011
11110101
01100000
00010100
01001001
10000011
10101001
11001011
00011011
11001011
00111100
11001011
11111010
11001011
01001000
11001011
01011011
11001011
00011100
01000010
10001110
10110100
10000100
01101010
11001011
11100111
01000100
11001011
10001000
00011101
11001011
11100000
11001011
00110101
10100011
00000111
00000110
10011101
01100000
11001011
00000000
10000010
11001011
00111100
11001011
10010111
11001011
01111101
11001011
00101001
11001011
11000011
11001011
10111010
11001011
01101001
10100101
10000011
11001011
01010100
11001011
11101011
00011110
11101011
10000100
11001011
11111111
11001011
00101011
11001011
01000010
00001010
01011101
10000011
11001011
00111110
11001011
00101111
11001011
10101011
11001011
00100101
11001011
00000110
11001011
01111111
00000101
11001011
11010101
11001011
11000110
11001011
11110111
11001011
01001011
10100010
10100100
11001011
00101101
11001011
11110010
11001011
00100110
11001110
01001111
01011111
00010010
01101010
01111010
01111110
11001011
11101100
11001011
11010011
01110101
11001011
01110111
11001011
11010110
01111101
11001011
10111111
01011000
10101110
11001011
10011011
10101100
11001011
11111111
01100111
01011001
11001011
10111111
11110110
10101111
10001101
11001011
11001111
01001001
00101111
11001011
10111110
10000101
10101010
11001011
01100001
11001011
10000100
10000101
11001011
00001000
11001011
10010010
10100101
11001011
10111001
11001011
10011100
01101000
10101100
10000011
11001011
00111110
11001011
11001001
01011111
11001011
10100110
01100101
11001011
10001000
00010010
01110111
11001011
11000010
10001110
11001011
10110001
11001011
11111000
00010110
10101001
11001011
01000011
01101100
01001011
11001011
01010100
11001011
01010100
11001011
11110010
11001011
10100010
11001011
11100111
01110011
11001011
01110101
01011111
11001011
00000011
00010010
11001011
10010110
11001011
10110100
11001011
00000001
01101110
00000110
11010101
11100110
10111101
11001011
01101011
11001011
10100111
01101110
10101110
00101101
11001011
00000110
10000000
00100001
10011001
11100100
11001011
11111111
11001011
01101010
11001011
10001001
10101010
11001011
00011010
11001011
10001011
10101100
11001011
11010001
11001011
10111010
11001011
11100000
01110111
11001011
10101110
11001011
01110010
11001011
01110100
11001011
11100001
11001011
10111000
11001011
00000010
00010101
00010010
11001011
10001101
11001011
01110101
11001011
01110100
10110000
11001011
11100101
10100001
11001011
11011010
11001011
11100000
01100001
01101001
00000000
01110100
11001011
10100001
11001011
01001111
11001011
11100111
10101001
11001011
10001111
01000011
00101101
01000100
01111100
11001011
00101011
10100100
01100001
10001001
10110010
11001011
10100110
11001011
10100100
11001011
00010011
11001011
11010001
11001011
11101001
11001011
01011111
10000110
11001011
01000111
00100100
00000001
11100111
01100100
01111111
10001110
01111111
11001011
11111101
11001011
01100000
11001011
00100101
00100101
11001011
10001000
11001011
01001001
11001011
11110010
11001011
00111111
10000110
10110101
10101111
11001011
00000111
11001011
00111111
11001011
11001011
11001011
00010110
11001011
00000011
11001011
11110101
01000111
11001011
10011110
11001011
10010110
01000101
11001011
01000000
00001100
00001101
10000110
11001011
00111000
11001011
10010011
01111001
11001011
11011110
01011001
11001011
11111111
10100011
10000100
11101110
11001010
00011010
11001011
00110111
01110100
11001011
01010100
01101010
10100101
11001011
01101110
11001011
10101110
01011011
11001011
00101111
11001011
10100101
11001011
10000111
11001011
00101010
10110010
11001011
00010111
01010101
00010101
01101011
11001011
10101100
10110111
11001011
01001101
11001011
11011101
01100000
00111100
01101100
00100110
00011000
01101001
11001011
10001001
11001011
10100100
11001011
00111000
00011110
10001101
11001011
10110011
01110101
00000100
11001011
11011010
11001011
10011101
01011001
11001011
11001110
11001011
10100101
01101100
11001011
01111100
11001011
11111000
10000001
01100101
11001011
00101110
11001011
10011011
00010010
01000100
11001011
11110010
01011000
01111110
10100010
10000011
01001000
01100100
11001011
01100011
00111101
11001011
11100011
11001011
01100001
10001111
11001011
10110111
11001011
11000100
00111111
01010010
01101010
10001010
11001011
11101100
11001011
01001101
11001011
00101110
01011000
01110111
11001011
01111001
11001011
01000010
00011111
11001011
10010000
11001011
11010000
11001011
11011110
11001011
11110111
00100110
10001011
11001011
00001111
11001011
00101010
10001101
00010001
11111011
11010010
01001010
11001011
01010111
10001010
11001011
01011000
11001011
11100001
11001011
00100000
11001011
10110000
10110000
11001011
00000101
11001011
10111100
11001011
11011011
00000010
01111111
10101011
01000111
01110101
11001011
10110111
10001100
11001011
01011111
01000000
11001011
10111110
11001011
11001000
01001011
11001011
01101000
11001011
00001001
11000110
00100010
00000101
10110011
10100100
11001011
10000000
01000100
01000110
10000111
00101111
11001011
11100100
01101110
11001011
11011110
10001001
10101011
11001011
01100011
11001011
11100011
00000000
10001110
01011101
11001011
11111011
01011111
11001011
01111110
10000000
01010000
01000000
00100101
00100110
01011100
10110010
01010011
00100100
10110100
11001011
00111010
11001011
10110001
11001011
00101001
10110100
11001011
11101101
01001101
10100100
01000001
11001011
11001000
01011011
01110001
11001011
10101100
11001011
10111001
00000010
01111010
00010010
11001011
11011001
11001011
10010001
11001011
10000110
11001011
01011011
11001011
01001110
00010010
11001011
01101011
01010000
11001011
11010001
01110111
01000110
11001011
11110001
10110110
01100110
11001011
01101001
11001011
00100010
10101100
11001011
11110010
11000110
01100001
11001011
01101000
11001011
00001000
10001101
11001011
00101011
00011101
11000110
01001011
11001011
01000110
01001011
01001010
11001011
00001110
11001011
00110100
11001011
01001001
01110101
00100101
11001011
00000011
01011100
01010010
10100010
01001111
11001011
01001001
11001011
00011000
11001011
11000001
11001011
11100001
11001011
11101000
01101001
01111110
11001011
10100000
00100101
01100010
11001011
01110100
11001011
01101110
11001011
00101101
00101110
01110101
10001000
00000010
11001011
00001000
11001011
01010110
11001011
11011010
10001110
11101110
10101000
11001011
01010001
01000100
11001011
01011011
10101010
10101111
00001010
11001011
01010101
11001011
10100001
11001011
00011100
11001011
01101110
00101100
01101001
01010111
01001101
10100100
01000100
01110000
01111101
11001011
00001111
00010111
10001101
11001011
01011010
01101110
11001011
10110001
01001011
10100101
11001011
10100000
10110000
11001011
10011100
01110010
10000111
11001011
10010100
10000100
11001011
10111110
10110110
11001011
10101110
01100110
11001011
00011100
11001011
10010100
11001011
01010001
01100110
11001011
01000000
01011110
11001011
10000010
11001011
11110101
11001011
00110011
10100001
11001011
11101100
11001011
00100010
11001011
10111100
11001011
01101000
11100110
00010101
01011100
11001011
11100100
11001011
11001011
11001011
11010011
00000010
11001011
10100110
01010000
11001011
01110011
01000011
00000100
11001011
11001101
11001011
01001101
01100111
11001011
01110011
11001011
01001000
11001011
01111001
11001011
00011010
11001011
11110011
00011100
10100100
10110010
11001011
01110110
00001110
01111000
11001011
01111010
01111100
11001011
01101110
00011010
01100110
01110100
10101111
11001011
01100101
10101001
11001011
00000101
11001011
01010101
10101000
01111000
11001011
00100110
01010101
00000111
11001011
11111011
11001011
10010001
01111111
11001011
00100000
01100001
11001011
00111111
11001011
01001010
00100110
11111111
11001011
10010110
11001011
01111101
10100101
01011101
11001011
00110111
10110000
11001011
10010010
11001011
00001001
11001011
01001100
11001011
10000100
01001101
01011110
11001011
11010100
11001011
01100010
01001001
01011011
01101110
11001011
11011101
11001011
00101011
11001011
11101111
01001000
01011010
11001011
10011000
10110010
11001011
11001000
00010101
11001011
10100010
11001011
00000110
11110110
11111100
11001011
00111110
11001011
10100011
01011110
11001011
10000110
11001011
10001010
11001011
10001110
10101001
01111110
11001011
00101111
11001011
01011101
10110001
11001011
11011111
01101010
11001011
10111111
10001000
01000100
11001011
11000111
11001011
11100001
11001011
00111000
11001011
10001010
00011101
01000110
11001011
10101000
11001011
00011100
00000111
11001011
00010100
01101010
10001001
11001011
00001111
10000100
01111111
11001011
00000100
11001011
10110111
11000110
11010011
01010110
11001011
11011101
01011101
00011111
11001011
10011101
01111001
11001011
10001111
00111110
11101000
01000011
11001011
00001110
11001011
00000010
11001011
01111100
00101111
01111111
00010111
11001011
01111100
00010110
10111001
11001011
11110110
11001011
00010110
10000101
11001011
00010111
00000111
01010111
00010111
10000111
01011100
11001011
11100011
00000001
11010100
01000101
11001011
11000001
10110000
11001011
10011000
00011010
00000000
00000101
11001011
11100100
11001011
01100000
01010001
01111001
11001011
01000011
11001011
01000011
11001011
00011100
11001011
11000000
10000100
11001011
01101111
01010011
10100111
11001011
00011000
11001011
00001000
10001000
11001011
00000011
11001011
11101100
01000110
11001011
01110000
11001011
00001111
11001011
00101011
11101110
11111100
00001010
00101101
11001011
11000011
10101101
11001011
01111000
10110111
11001011
01101010
11001011
11001101
11001011
10100100
10110000
00111100
01001010
11001011
00011010
11001011
01100001
11001011
11011111
01010011
01000101
11001011
00001010
11001011
10101110
01001100
11001011
10000010
11001011
01000111
00111111
11001011
01110000
11001011
10010100
11001011
11101000
11001011
11010001
00011010
11001011
10101101
01010010
10000111
11001011
01110101
11001011
00000110
11110110
01111101
01101001
11001011
01000011
11001011
10110110
11001011
10001110
11001011
01101101
11001011
01011111
01011100
11001011
10001001
10001110
10110110
11001011
00110000
01100110
11001011
10001011
11001011
01010111
11001011
11010001
11001011
01001100
01101011
11001011
10010100
10001000
01111001
01110010
11001011
01110101
01101111
10001110
11001011
00001010
11001011
00011101
11001011
00011100
10110101
11001011
01010110
01010110
11001011
11000110
11001011
01000101
00010101
11001011
10100101
11001011
11111111
00010001
10101100
11001010
11001011
10000110
11001011
01010100
11001011
11111010
01000011
11001011
00110110
10110010
01101100
01110010
11001011
11001001
01101001
11001011
00100011
01111000
11001011
10000110
11001011
00101000
11001011
01111111
01101101
11001011
01011101
11001011
10001001
00101111
11001011
10101111
01111110
11001011
01011110
11001011
01100001
00001100
01100100
11001011
11000001
11001011
10010101
10101111
11001011
01101011
11001011
00011010
10101110
10000101
11001011
01100011
00111101
11001011
11100111
11001011
10111111
11001011
00111000
00011111
00010111
11001011
01100000
10001111
11001011
11010011
01111100
11001011
10010000
01001101
11001011
11101101
01101110
00000001
11000101
01111100
01010101
10001001
11001011
01010001
10101010
11001011
00111010
11001011
10110010
00001110
10111100
00111111
01111101
11001011
10010011
11001011
00010010
11001011
10100110
11001011
00101100
11001011
11000011
01011011
10101100
11001011
01010001
10001101
11001011
01010111
10101100
11001011
10101111
11101110
00101101
11001011
10010011
00010100
01011010
10101110
11001011
00010011
11001011
00100010
11001011
11010000
01000100
01111100
11001011
11101000
11001011
01000101
00010111
11001011
11010100
11001011
01111000
01100101
01111101
11001011
01011010
00101110
01110101
00101111
11001011
00011001
10110001
01000000
11001011
00100010
11001011
11110100
00000010
11001011
01000011
01011101
11001011
10101101
11001011
11110001
11001011
10100010
01000011
00011100
10000000
11001011
10110001
01101000
00010001
00011010
11000100
10100111
01011100
01101101
11001011
10101110
11001011
10000101
11001011
10110111
11001011
01111101
01010100
01111110
11001011
00111011
10110101
11001011
01110000
01000010
00011100
11001011
11101110
10001100
11001011
01011001
01011000
01000110
00010110
10100111
11001011
11000110
00101101
11001011
00110010
01001110
10000101
11001110
10110100
11001011
11110011
11001011
01111000
01011111
00101110
01110100
11001011
11000000
11001011
00100111
11001011
11100111
11001011
11100010
01101001
11001011
10000011
11001011
11111010
00101100
10100001
00011111
11001011
00011111
11001011
01001001
11001011
11011000
01010111
00011101
00000000
10001000
10001001
11001011
00010001
01110101
10100100
00000100
01110111
10100001
00100101
11001011
10100011
11001011
10100001
11001011
00110110
00010100
10100001
00000000
11001011
11111110
10100000
10100111
01000110
00010010
11001011
10110101
00010111
01101111
11001011
01010010
11001011
11000110
11001011
01000100
11001011
10010010
11001011
00000101
01001011
00101100
11001011
10100100
01010111
11001011
01011111
01000011
10100111
00100110
11100111
11001011
00000001
11001011
00110011
10001010
11001011
01100000
11001011
01000100
11001011
10000011
11001011
11100011
11001011
01110011
11001011
01011011
11001011
10001101
01010100
11001011
01000010
11001011
11101101
11101110
01110101
11001011
10110101
11001011
01101010
11001011
01100001
11001011
11001011
11001011
00000010
11001011
11001000
11001110
01001010
01111111
11001011
00000111
11001011
11100011
10000100
11001011
00101101
11001011
10101001
11001011
11010111
11001011
01001100
01001010
10000110
01001000
11001011
10001111
01001110
11110110
10001111
11100110
01111101
01001100
11001011
10010111
11001011
01011011
01011011
00000101
11001011
00001110
11101110
11110000
01111101
11001011
11000101
01011001
00010111
11001011
00001001
10001001
10000011
10001111
00111100
01101100
11001011
01000111
01101111
11001011
00101000
01010010
10001100
11110110
11110000
00111110
01110100
11001011
10100110
10000000
11001011
10011111
11001011
00010101
11001011
11110100
11001011
10111101
00000101
11001011
10000010
01110001
00001101
11001011
01010011
00111110
00000001
11001011
01111101
11001011
10011000
10101000
00010001
10101000
00111011
11001011
00011010
11001011
11110011
11001011
00100010
11001011
00101111
11001011
00101010
10101001
11001011
00011110
11001011
10100100
11001011
11010001
11001011
01101110
00001101
11001011
01101110
11001011
00011010
11001011
00111011
01000110
11001011
00100001
01011110
11001011
11001111
11001011
00001011
01111011
11001011
10011010
11001011
01111000
11001011
01110111
11001011
01111000
11001011
10011000
10000001
11001011
00110000
01011111
11001011
00100011
01110101
11001011
01001011
11001011
01101001
11001011
11000001
01000100
11001011
00100000
10100110
11001011
01000010
11001011
01100010
01100101
11001011
10011011
01001001
01101101
11001011
11011001
01011001
11001011
10011011
11001011
10100110
01010110
10101111
00001101
10101011
01110010
11001011
01111110
00100110
00100111
10101111
11001011
01010110
11100110
00001000
00010010
11001011
00101000
00101101
11001011
11001110
11001011
01010000
11001011
00000111
00010101
11001011
00101111
01011010
01111111
11001011
00001011
11001011
10101101
11001011
10010101
11001011
10101000
11001011
00100010
11001011
10010011
11001011
11101000
11001011
11011011
11001011
01111110
01110111
11001011
10011100
11001011
10111110
11001011
10010111
11001011
11101011
11001011
11100010
00001111
01100001
01010010
11001011
10010101
11000110
10011000
01101101
11001011
01011011
11001011
10000111
10110100
01001010
11001011
11011100
01001100
11001011
00110010
11001011
10010001
10001101
00000100
11001011
01111111
01101110
10001111
00111100
11101110
00010011
01011100
11001011
01101010
11001011
00101100
11001011
00000000
01001000
11001011
10011000
11101110
10101111
11001011
00100111
01010010
11001011
01010011
11001011
00110100
11001011
00011001
11001011
11111110
01000001
10101010
00011010
01010011
11001011
00000110
01011110
11001011
10111101
01111111
11001011
10011111
11001011
10101011
11001011
10011100
11001011
11101100
11001011
01010010
10100001
11100110
11011110
00001010
11001011
00111011
11001011
01010010
10100000
11001011
11000101
01001011
11001011
00100111
11001011
10100000
11001011
01110001
10000000
11001011
00011110
10101111
11001011
01001010
11001011
01001001
11001011
00101110
01101111
10101110
11001011
00101000
11001011
11110101
01011010
10100110
01100110
11001011
01001111
11001011
01100101
11001011
00100100
01011111
00110111
01110100
11001011
01011101
11001011
11000110
11001011
00100011
11001011
10001000
10100110
11001011
01110111
10000100
00001110
00011111
11001011
10100101
11001011
01101000
11001011
11110010
11001011
00101010
11001011
10101010
10101100
01010110
01101100
10000101
11001011
11011011
01010110
11001011
11001101
11001011
11101011
01111101
01100111
11001011
01100001
01110010
11001110
01111000
11001011
01110001
00000000
00000010
11001011
00111100
10101101
11001011
11001001
11001011
01100110
10100011
01001110
11001011
10100101
11001011
10101111
11001011
01010110
01011110
10110011
11001011
10010011
11001011
00000000
11001011
10011110
10101000
01101100
01000000
01110101
01000010
11001011
11111110
01000000
11001011
11010110
00011100
11001011
11111001
01001111
01011100
11001011
11100010
11001011
10100001
11001011
11100101
01000010
00000001
00100011
10101100
11001011
01110111
11001011
11110111
11001011
11100100
11001011
11100011
10110101
10001111
01101000
11001011
10111101
11001011
10011011
11001011
11011001
11001011
11011110
00011101
10001000
11001011
01000000
11001011
10110001
01011011
11001011
11101011
01100000
01100011
01010111
11001011
00101000
11001011
10011001
10100100
01001100
11001011
11111101
10000110
00001010
10001111
11001011
01110011
01010100
11001011
01110010
11001011
01000111
11001011
00011011
11001011
01010110
01000100
11001011
00101000
11001011
00101101
10101001
11001011
00011001
11001011
00101100
00010101
11001011
10101110
11001011
01000000
11001011
10111000
01100011
11001011
10100110
11001011
11111010
01111110
10101010
10110000
11001011
10011101
11001011
10001100
11001011
10000000
11001011
01111110
01111000
11001011
00010101
10000110
11001011
00110100
01101010
01011100
11001011
01100101
11001011
00001010
11001011
01111110
11001011
01101001
11001011
01101111
11001011
00101000
11001011
10011011
11001011
01011110
01100001
11001011
01000011
01001001
11001011
00111101
11001011
00000110
11001011
00000100
01011000
11001011
11111111
01100001
11001011
00000101
11001011
01100010
00111101
10110011
11001011
10111101
01011111
11001011
00111100
10101100
00001010
11001011
00010100
11001011
11001101
01100000
11001011
01001000
10100010
00101100
11001011
00101010
11001011
00001010
01101010
11001011
11111000
00111111
11001011
11001001
01010010
11001011
11101101
11001011
10010000
10100010
11001011
01111101
01100001
11001011
00001100
01111111
11001011
11010001
11001011
11100000
00101100
01011111
10110011
01001100
10110011
01111100
11001011
10001101
11001011
11011011
11001011
01111110
11001011
10010111
01010111
11001011
10010000
11001011
01011101
01101001
00001010
11001011
01010001
11001011
10110000
10100100
01010010
11001011
00001111
11000110
00110110
01100000
11001011
10000000
11001011
10110010
11001011
10011100
00111111
11001011
00110100
10101111
10000000
11001011
00110100
11001011
00111110
11001011
01001100
11001011
11111101
11001011
00000111
11001011
01100100
11001011
01110100
11001011
01111110
01101100
10000010
10101000
10100011
01011011
11001011
01001011
01101010
01111010
01010001
11001011
00101000
11001011
10110011
01110100
01010110
01000000
11001011
10111010
00001100
11001011
00101110
00010100
11001011
00011110
11001011
10001111
11001011
00010110
01011001
01110010
10001010
11001011
10000101
11001011
01110100
11001011
00110110
11001011
10000010
00011110
00100001
11001011
01010011
11001011
11110110
11001011
11000001
11101110
00000100
01111010
11001011
10100001
01100101
10000100
00000100
11001011
10010111
11001011
11100101
01111001
11001011
00100000
01111011
11001011
10110001
11001011
10101100
00010001
11011000
11011110
11001011
10101101
10100001
11001011
10111110
11001011
00011010
11001011
01111011
10000001
00010101
00000110
11101001
11001011
00010110
01110101
01010001
10101011
11001011
10101111
01100100
11001011
10011010
11001011
10100001
01000011
11001011
00010110
11001011
11110110
11001011
11000101
10110101
11001011
10100000
11001011
10010000
11001011
10111000
00010000