01111110
10110011
00001101
01011011
01000100
01011100
00111110
10110010
10101011
01010101
10000101
01001011
10110010
01111110
10000010
00100100
01001110
10001100
01101010
00000111
01101110
01011000
01101000
00011100
00011110
01010111
10000000
00111101
00101100
10100010
01111000
01101011
10100010
01010001
10101101
01101111
01010001
01100011
01101111
10100010
10100010
01010111
01100101
10110101
01011010
01001100
00001111
01001010
10101100
00100101
01111111
01011100
10101010
10001101
10110011
01000111
01000111
01010100
01000011
10000010
01011001
01111010
00100100
00110111
00000111
10001010
01010000
10110011
01100010
01000100
01100111
01100000
00001100
01001000
01010010
10001001
01001110
01001000
01101110
00100101
01010111
01101101
01000110
01101001
10000111
01000011
10110001
00111101
10101100
10000001
01100100
01011110
01100010
00010100
10100011
10101111
01111111
00000100
00100100
01100010
00010101
10001001
00011100
00010110
10100001
10000011
01111000
01100011
01000000
10001000
01011100
01011110
01100111
00000111
00010100
01010100
01101110
01010101
00010101
00001100
01100010
01000110
00011101
01101111
00011100
00011111
01000111
01111001
10001100
10100000
00000110
00011110
10101001
10000011
01011101
00001100
01001001
10100000
01011001
10100101
00101111
10110011
00101100
01100000
00010101
00010110
10101000
10110101
00011100
00001111
10110100
10000010
01111011
01101011
10000111
00100110
00000100
01010000
01000101
01101011
01100011
01001011
01010000
01010001
00110111
00001110
01011100
01100010
01101000
10110100
01010001
10000000
00101100
00001110
01100000
01100011
01011010
10001001
01111111
01010010
01101100
10100000
01100110
10100101
01011101
01111000
01111111
01000001
10101011
01111110
00111111
00010101
00111110
01100111
10101011
01010100
00011101
00011101
00011111
01010000
00011111
01101111
01000111
00011111
00101111
01010100
01010001
00001100
01000010
01010111
01001010
00010100
10100100
10001100
10000111
01000101
10101100
10001111
10100101
01001000
01010110
01101101
01000111
01011000
01101110
10101100
01100100
00001111
00001101
10100001
01111001
00010110
01011010
00001100
10101011
01111100
01101010
01101000
01100101
01010101
00100101
01001011
00000101
00010111
10001111
00111110
01111100
01010111
01001011
01000010
00111111
01100110
01111001
01011011
01011000
01000101
00010101
00111111
10001111
01000000
10000001
10000111
01100101
10001111
01100100
00011111
01011110
01000011
10001001
01011011
01001110
00111100
01010100
01100111
01011011
01111110
10100101
10110011
00001111
01000000
01101010
10110001
10101011
01010010
01001100
10101100
01100100
00111111
00011111
01010101
01001000
01111010
01101110
01011101
01000000
00000110
00101100
01100110
10110111
01000010
00100101
00000100
10100001
00010100
10101100
00000111
10001111
10110011
01101001
10000000
01010111
10110000
01001100
10101100
01010110
01101000
01111010
00101111
10100011
10101001
01101001
10001000
01010001
01001010
01010010
00010110
10000001
10100101
00010111
10000000
01100111
01000101
01010101
01101000
01001001
10101011
01011111
10100111
01001100
01010110
01001011
01111001
01000100
01111011
01001010
01100010
00110111
01000110
10100100
01011101
01101000
10101100
10101000
10110000
00100110
10000001
01100111
01000100
01001000
01000100
01001000
10100101
01011001
01001001
10110000
01010111
01100111
00010110
01100110
00100110
00000000
10000010
10001000
00010111
00000100
10000100
10101011
10110001
01000100
01010011
01000011
10001000
10101010
01100100
01101000
01100011
10100000
00010101
01011000
10001101
01100001
01111000
00010111
01001000
00000110
00000110
01010110
00111101
00111101
10100101
01100100
10110010
01011010
00111110
10000000
10100010
10110011
01111101
01100101
01111000
01001001
10000000
01100011
10000111
10100011
01011100
01001010
01000101
01000000
00001101
01100011
10101100
10101001
00111110
01111001
00011100
01010101
00010111
00001100
01010010
10001101
10001010
01100011
01011000
00001110
00011111
10110101
01001010
01010010
01010111
00101100
01101101
01010010
00101101
01010110
01101101
01001001
01001100
00011101
00000110
01000001
10000101
01001110
01010000
01100001
01100110
01010100
00010111
10101000
10101001
10000100
10001011
00111110
01111110
01000110
10000000
01000011
01001001
10110111
00001111
00000000
01111101
01011101
10001100
01011000
00011101
10110100
01010000
00010110
00011101
01101111
10101010
10110011
10000011
01010010
01000000
01100101
10101010
00110111
10101111
01011100
01111000
00100101
01100010
01111101
01000001
10001001
10101111
01011000
00100110
10101011
01101110
10101111
10001101
01010100
00010111
01101101
01100111
01000011
00100110
01000001
10100001
00011111
01000111
00001110
00010110
00100101
10000111
00001110
00011101
10001100
01101000
01111010
01100010
01101111
10001011
00001110
00100110
01011001
01000011
01111101
01111101
01010100
01011111
01011101
00101110
01100110
10001011
10100001
00011110
01010000
10110010
01101101
10001010
00101101
01011110
01001100
00011100
10110001
01010100
00001100
01011101
01000100
10110101
10100000
00001101
01011010
10000010
00011110
10101000
10110100
01111010
00110111
10110000
10000010
10100001
01011000
00111100
01000000
01101111
01101101
01000000
10000100
01011101
01001011
01001000
10001111
00010110
01111001
10000010
01011001
00101110
01011101
01111110
01001011
10100010
01101010
10100000
01001110
01001101
01011100
01010110
10101000
10001100
10101111
01010101
01100100
01111010
01000000
01100111
00011111
01010010
01010111
01100111
01111110
01101110
01101000
01010010
00010110
01010011
10101101
00000100
01000011
00010110
01011100
10110111
01111011
01001001
01010010
10110001
01000101
01101000
01000110
01010110
00000000
00010111
01001010
01011110
10000101
10101101
10101001
10101111
10110010
01001100
01101001
00111110
00100110
01101010
10000101
01101111
00000110
10100101
10001111
10101001
00111110
01011000
01000000
01001000
01010000
01000011
01111101
10001001
01111100
01011010
01010111
10001111
01011011
01000101
01000001
01100010
10110100
10100011
00010110
01111110
01000011
01111100
01011100
01001001
00000000
10001111
10001010
01000111
10110000
10101000
01011101
10110010
10000111
00001100
01001101
01111111
10101011
00010101
00100101
10110010
01001111
01001101
01100010
01010000
01010111
01111110
00001110
01000010
00011111
01011100
01001110
01001001
10000101
01100111
01000110
00111100
00010110
00011110
10110100
00101101
00011110
10000001
00100110
00001110
01100110
00100110
10001101
01010100
10110010
00000101
01100011
10100011
10001111
00000111
00011110
10110010
10000011
01100110
01010000
00001111
01000011
01101001
01010101
01101101
10110000
01011111
01101001
00101110
01000111
01101000
01000010
01000110
01010011
01010010
01101100
01001010
01100011
10001101
00101101
00111101
01100101
01001011
10101111
10101001
01111000
00110111
10110011
01011100
00100100
10110100
00111101
00001111
10100010
10000111
10110001
10101001
00000111
01011010
01111110
01000110
00000110
01000001
00100101
01000001
01001000
00011110
01100101
01001010
01000111
01010111
10101010
00001111
10001010
10001010
01100011
10000011
01010010
01100001
01111011
01000111
10001010
01000010
10001111
01111110
00101100
01100100
00000111
10000010
01101110
10110101
10110000
01001000
01001111
01101011
01101011
00001101
00111101
10001000
01000110
01000011
01100010
01000000
10001101
10001111
01001011
10001000
01000001
10001101
10000010
01100001
10101111
01000110
01111110
01101101
00101110
01101000
00101110
01100011
01100001
01100100
00000100
10100011
00100100
10110010
01011001
01111110
01001011
01001100
10000101
00011101
01010111
01011011
10001101
10001111
01100101
01000000
00110111
00000000
01011000
01011011
10000011
10000101
01101001
10001101
00010111
00000000
01011000
00000100
00100101
00111101
10100010
01010001
01001111
01011110
01100110
01000110
01101011
01100100
00110111
10110111
10101111
01111010
01010100
01101101
10110001
00011101
00000100
00001111
00001110
01011000
10110011
01101010
10100101
01101010
01001000
01011011
01101010
00010101
01000010
01011111
01011100
01001010
01111100
01000001
01101101
00010110
10110100
00111100
00010100
00010111
01101001
01001011
01001011
01001100
10101001
01011010
01100011
10001011
10100001
00100101
01011010
00100100
01101101
01010001
10110100
00110111
01011111
10101011
00110111
00010110
01111101
00001101
10000010
00000100
00011110
10001000
01111010
01100000
00011100
01000000
01011001
01100110
00100101
01011111
01101001
01111000
10110010
10001011
01011001
01011010
10100100
01000000
10101111
10110100
10100111
01101110
01101010
01011000
00111101
01111110
01111011
01010111
10001100
00011110
00100101
01001011
00001110
01011010
01011000
01101001
01010101
00101110
01010010
00001110
10110011
01010101
00111110
00010110
01010101
10101010
01101011
01100101
00111111
01000000
01100001
01011110
00010100
00011111
01000010
01101111
01101101
01111111
00101101
10110010
01011011
01001100
01101010
00111111
10001001
01000100
10000010
01010011
01101010
10101101
10101111
10101000
01000011
01111101
01001000
01000001
01111010
01011101
00101110
10101000
10110100
00000000
10100010
01100110
00010111
10100100
10001111
01000101
01011101
00010111
10101001
00001101
10101001
00001100
10101011
10001101
00111110
10100101
01001111
10000111
00000100
10110010
01011101
01100111
01011110
01001111
00010000